mgc_rve_context_lcv "ic" "bandgap_reference_19" "layout" 1000
mgc_rve_highlight_index 0 "6" "#00000000FFFF"
mgc_rve_layer "metal2"
mp 12 2.524 73.76 2.549 73.76 2.549 48.2 2.829 48.2 2.829 49.14 2.854 49.14 2.854 49.52 2.829 49.52 2.829 74.3 2.549 74.3 2.549 74.14 2.524 74.14
mp 6 10.62 62.408 21.237 62.408 21.237 70.96 20.957 70.96 20.957 62.688 10.62 62.688
mp 12 35.99 131.115 36.01 131.115 36.01 131.085 45.807 131.085 45.807 131.115 45.879 131.115 45.879 131.395 45.807 131.395 45.807 131.425 36.01 131.425 36.01 131.395 35.99 131.395
mgc_rve_layer "metal1"
mp 12 16.598 62.358 16.623 62.358 16.623 58.441 16.853 58.441 16.853 62.358 16.878 62.358 16.878 62.738 16.853 62.738 16.853 63.361 16.623 63.361 16.623 62.738 16.598 62.738
mr 18.525 70.6 63.386 70.94
mp 32 2.524 73.76 2.549 73.76 2.549 73.6 2.779 73.6 2.779 73.76 2.804 73.76 2.804 74.14 2.779 74.14 2.779 128.671 5.29 128.671 5.29 121.975 36.35 121.975 36.35 131.725 36.01 131.725 36.01 122.315 5.63 122.315 5.63 131.385 16.165 131.385 16.165 124.035 16.395 124.035 16.395 131.385 25.245 131.385 25.245 124.035 25.475 124.035 25.475 131.385 36.01 131.385 36.01 131.725 5.29 131.725 5.29 128.901 2.549 128.901 2.549 74.14 2.524 74.14
mp 30 43.897 119.658 60.037 119.658 60.037 131.425 59.697 131.425 59.697 119.998 44.237 119.998 44.237 131.085 45.692 131.085 45.692 121.735 45.922 121.735 45.922 131.085 48.772 131.085 48.772 121.735 49.002 121.735 49.002 131.085 51.852 131.085 51.852 121.735 52.082 121.735 52.082 131.085 54.932 131.085 54.932 121.735 55.162 121.735 55.162 131.085 58.012 131.085 58.012 121.735 58.242 121.735 58.242 131.085 59.697 131.085 59.697 131.425 43.897 131.425
mp 338 2.524 49.19 2.6 49.19 2.6 49.16 5.075 49.16 5.075 -27.615 117.115 -27.615 117.115 75 129.6 75 129.6 78.5 135.3 78.5 135.3 58.5 149.3 58.5 149.3 63.5 147.3 63.5 147.3 60.5 137.3 60.5 137.3 70.5 138.8 70.5 138.8 62 145.8 62 145.8 63.5 140.3 63.5 140.3 67.5 145.8 67.5 145.8 70.5 147.3 70.5 147.3 68.5 149.3 68.5 149.3 72.5 143.8 72.5 143.8 75 149.3 75 149.3 80 147.3 80 147.3 77 137.3 77 137.3 87 138.8 87 138.8 78.5 145.8 78.5 145.8 80 140.3 80 140.3 84 145.8 84 145.8 87 147.3 87 147.3 85 149.3 85 149.3 89 143.8 89 143.8 91.5 149.3 91.5 149.3 96.5 147.3 96.5 147.3 93.5 137.3 93.5 137.3 103.5 138.8 103.5 138.8 95 145.8 95 145.8 96.5 140.3 96.5 140.3 100.5 151.4 100.5 151.4 58.5 165.4 58.5 165.4 63.5 163.4 63.5 163.4 60.5 153.4 60.5 153.4 70.5 154.9 70.5 154.9 62 161.9 62 161.9 63.5 156.4 63.5 156.4 67.5 167.5 67.5 167.5 58.5 181.5 58.5 181.5 63.5 179.5 63.5 179.5 60.5 169.5 60.5 169.5 70.5 171 70.5 171 62 178 62 178 63.5 172.5 63.5 172.5 67.5 178 67.5 178 70.5 179.5 70.5 179.5 68.5 181.5 68.5 181.5 72.5 176 72.5 176 75 181.5 75 181.5 80 179.5 80 179.5 77 169.5 77 169.5 87 171 87 171 78.5 178 78.5 178 80 172.5 80 172.5 84 183.6 84 183.6 75 183.65 75 183.65 72.5 183.6 72.5 183.6 58.5 197.6 58.5 197.6 63.5 195.6 63.5 195.6 60.5 185.6 60.5 185.6 70.5 187.1 70.5 187.1 62 194.1 62 194.1 63.5 188.6 63.5 188.6 67.5 194.1 67.5 194.1 70.5 195.6 70.5 195.6 68.5 197.6 68.5 197.6 72.5 192.15 72.5 192.15 75 197.6 75 197.6 80 195.6 80 195.6 77 185.6 77 185.6 87 187.1 87 187.1 78.5 194.1 78.5 194.1 80 188.6 80 188.6 84 194.1 84 194.1 87 195.6 87 195.6 85 197.6 85 197.6 89 192.1 89 192.1 91.5 197.6 91.5 197.6 96.5 195.6 96.5 195.6 93.5 185.6 93.5 185.6 103.5 187.1 103.5 187.1 95 194.1 95 194.1 96.5 188.6 96.5 188.6 100.5 194.1 100.5 194.1 103.5 195.6 103.5 195.6 101.5 197.6 101.5 197.6 105.5 183.6 105.5 183.6 85.5 181.5 85.5 181.5 89 179.5 89 179.5 85.5 178 85.5 178 87 179.5 87 179.5 89 176 89 176 91.5 181.5 91.5 181.5 96.5 179.5 96.5 179.5 93.5 169.5 93.5 169.5 103.5 171 103.5 171 95 178 95 178 96.5 172.5 96.5 172.5 100.5 178 100.5 178 103.5 179.5 103.5 179.5 101.5 181.5 101.5 181.5 105.5 167.5 105.5 167.5 69 165.4 69 165.4 70.185 167.5 70.185 167.5 70.415 165.4 70.415 165.4 72.5 163.4 72.5 163.4 69 161.9 69 161.9 70.5 163.4 70.5 163.4 72.5 159.9 72.5 159.9 75 165.4 75 165.4 80 163.4 80 163.4 77 153.4 77 153.4 87 154.9 87 154.9 78.5 161.9 78.5 161.9 80 156.4 80 156.4 84 161.9 84 161.9 87 163.4 87 163.4 85 165.4 85 165.4 89 159.9 89 159.9 91.5 165.4 91.5 165.4 96.5 163.4 96.5 163.4 93.5 153.4 93.5 153.4 103.5 154.9 103.5 154.9 95 161.9 95 161.9 96.5 156.4 96.5 156.4 100.5 161.9 100.5 161.9 103.5 163.4 103.5 163.4 101.5 165.4 101.5 165.4 105.5 151.4 105.5 151.4 102 149.3 102 149.3 104.185 151.4 104.185 151.4 104.415 149.3 104.415 149.3 105.5 147.3 105.5 147.3 102 145.8 102 145.8 103.5 147.3 103.5 147.3 105.5 135.3 105.5 135.3 80 120.6 80 120.6 84 126.1 84 126.1 87 127.6 87 127.6 85 129.6 85 129.6 89 119.1 89 119.1 78.5 127.6 78.5 127.6 77 117.6 77 117.6 87 119.1 87 119.1 89 115.6 89 115.6 75 116.885 75 116.885 -27.385 5.305 -27.385 5.305 49.16 11.87 49.16 11.87 44.276 21.23 44.276 21.23 48.859 32.589 48.859 32.589 43.887 41.949 43.887 41.949 52.347 41.609 52.347 41.609 44.227 32.929 44.227 32.929 52.007 34.384 52.007 34.384 45.657 34.614 45.657 34.614 52.007 41.609 52.007 41.609 52.347 32.589 52.347 32.589 49.199 21.23 49.199 21.23 53.03 20.89 53.03 20.89 44.616 12.21 44.616 12.21 52.69 13.665 52.69 13.665 46.34 13.895 46.34 13.895 52.69 20.89 52.69 20.89 53.03 11.87 53.03 11.87 49.5 10.975 49.5 10.975 62.738 10.635 62.738 10.635 49.5 2.6 49.5 2.6 49.47 2.524 49.47
mgc_rve_layer "ppoly"
mr 14.4 70.56 24.4 71.2
mr 14.4 71.42 24.4 71.64
mr 24.65 70.56 34.65 71.2
mr 24.65 71.42 34.65 71.64
mr 26.615 48.699 27.615 49.239
mr 34.9 70.56 44.9 71.2
mr 34.9 71.42 44.9 71.64
mr 45.15 70.56 55.15 71.2
mr 45.15 71.42 55.15 71.64
mr 55.4 70.56 65.4 71.2
mr 55.4 71.42 65.4 71.64
mgc_rve_layer "pgate33"
mr 14.4 71.2 24.4 71.42
mr 24.65 71.2 34.65 71.42
mr 34.9 71.2 44.9 71.42
mr 45.15 71.2 55.15 71.42
mr 55.4 71.2 65.4 71.42
mgc_rve_layer "nsd"
mr 13.57 46.3 14.05 51.3
mr 16.01 123.995 16.55 129.995
mr 16.468 58.401 17.008 63.401
mr 25.09 123.995 25.63 129.995
mr 34.289 45.617 34.769 50.617
mr 45.597 121.695 46.077 129.695
mr 48.617 121.695 49.157 129.695
mr 51.697 121.695 52.237 129.695
mr 54.777 121.695 55.317 129.695
mr 57.857 121.695 58.337 129.695
mgc_rve_layer "ntd"
mp 10 119.1 78.5 126.1 78.5 126.1 85.5 124.6 85.5 124.6 80 120.6 80 120.6 84 124.6 84 124.6 85.5 119.1 85.5
mp 10 138.8 62 145.8 62 145.8 69 144.3 69 144.3 63.5 140.3 63.5 140.3 67.5 144.3 67.5 144.3 69 138.8 69
mp 10 138.8 78.5 145.8 78.5 145.8 85.5 144.3 85.5 144.3 80 140.3 80 140.3 84 144.3 84 144.3 85.5 138.8 85.5
mp 10 138.8 95 145.8 95 145.8 102 144.3 102 144.3 96.5 140.3 96.5 140.3 100.5 144.3 100.5 144.3 102 138.8 102
mp 10 154.9 62 161.9 62 161.9 69 160.4 69 160.4 63.5 156.4 63.5 156.4 67.5 160.4 67.5 160.4 69 154.9 69
mp 10 154.9 78.5 161.9 78.5 161.9 85.5 160.4 85.5 160.4 80 156.4 80 156.4 84 160.4 84 160.4 85.5 154.9 85.5
mp 10 154.9 95 161.9 95 161.9 102 160.4 102 160.4 96.5 156.4 96.5 156.4 100.5 160.4 100.5 160.4 102 154.9 102
mp 10 171 62 178 62 178 69 176.5 69 176.5 63.5 172.5 63.5 172.5 67.5 176.5 67.5 176.5 69 171 69
mp 10 171 78.5 178 78.5 178 85.5 176.5 85.5 176.5 80 172.5 80 172.5 84 176.5 84 176.5 85.5 171 85.5
mp 10 171 95 178 95 178 102 176.5 102 176.5 96.5 172.5 96.5 172.5 100.5 176.5 100.5 176.5 102 171 102
mp 10 187.1 62 194.1 62 194.1 69 192.6 69 192.6 63.5 188.6 63.5 188.6 67.5 192.6 67.5 192.6 69 187.1 69
mp 10 187.1 78.5 194.1 78.5 194.1 85.5 192.6 85.5 192.6 80 188.6 80 188.6 84 192.6 84 192.6 85.5 187.1 85.5
mp 10 187.1 95 194.1 95 194.1 102 192.6 102 192.6 96.5 188.6 96.5 188.6 100.5 192.6 100.5 192.6 102 187.1 102
mgc_rve_layer "ptd"
mp 10 5.25 121.935 36.39 121.935 36.39 131.765 35.97 131.765 35.97 122.355 5.67 122.355 5.67 131.345 35.97 131.345 35.97 131.765 5.25 131.765
mp 10 11.83 44.236 21.27 44.236 21.27 53.07 20.85 53.07 20.85 44.656 12.25 44.656 12.25 52.65 20.85 52.65 20.85 53.07 11.83 53.07
mp 10 32.549 43.847 41.989 43.847 41.989 52.387 41.569 52.387 41.569 44.267 32.969 44.267 32.969 51.967 41.569 51.967 41.569 52.387 32.549 52.387
mp 10 43.857 119.618 60.077 119.618 60.077 131.465 59.657 131.465 59.657 120.038 44.277 120.038 44.277 131.045 59.657 131.045 59.657 131.465 43.857 131.465
mp 10 115.6 75 129.6 75 129.6 89 127.6 89 127.6 77 117.6 77 117.6 87 127.6 87 127.6 89 115.6 89
mp 10 135.3 58.5 149.3 58.5 149.3 72.5 147.3 72.5 147.3 60.5 137.3 60.5 137.3 70.5 147.3 70.5 147.3 72.5 135.3 72.5
mp 10 135.3 75 149.3 75 149.3 89 147.3 89 147.3 77 137.3 77 137.3 87 147.3 87 147.3 89 135.3 89
mp 10 135.3 91.5 149.3 91.5 149.3 105.5 147.3 105.5 147.3 93.5 137.3 93.5 137.3 103.5 147.3 103.5 147.3 105.5 135.3 105.5
mp 10 151.4 58.5 165.4 58.5 165.4 72.5 163.4 72.5 163.4 60.5 153.4 60.5 153.4 70.5 163.4 70.5 163.4 72.5 151.4 72.5
mp 10 151.4 75 165.4 75 165.4 89 163.4 89 163.4 77 153.4 77 153.4 87 163.4 87 163.4 89 151.4 89
mp 10 151.4 91.5 165.4 91.5 165.4 105.5 163.4 105.5 163.4 93.5 153.4 93.5 153.4 103.5 163.4 103.5 163.4 105.5 151.4 105.5
mp 10 167.5 58.5 181.5 58.5 181.5 72.5 179.5 72.5 179.5 60.5 169.5 60.5 169.5 70.5 179.5 70.5 179.5 72.5 167.5 72.5
mp 10 167.5 75 181.5 75 181.5 89 179.5 89 179.5 77 169.5 77 169.5 87 179.5 87 179.5 89 167.5 89
mp 10 167.5 91.5 181.5 91.5 181.5 105.5 179.5 105.5 179.5 93.5 169.5 93.5 169.5 103.5 179.5 103.5 179.5 105.5 167.5 105.5
mp 10 183.6 58.5 197.6 58.5 197.6 72.5 195.6 72.5 195.6 60.5 185.6 60.5 185.6 70.5 195.6 70.5 195.6 72.5 183.6 72.5
mp 10 183.6 75 197.6 75 197.6 89 195.6 89 195.6 77 185.6 77 185.6 87 195.6 87 195.6 89 183.6 89
mp 10 183.6 91.5 197.6 91.5 197.6 105.5 195.6 105.5 195.6 93.5 185.6 93.5 185.6 103.5 195.6 103.5 195.6 105.5 183.6 105.5
mgc_rve_layer "nwell"
mr 118.6 78 126.6 86
mr 138.3 61.5 146.3 69.5
mr 138.3 78 146.3 86
mr 138.3 94.5 146.3 102.5
mr 154.4 61.5 162.4 69.5
mr 154.4 78 162.4 86
mr 154.4 94.5 162.4 102.5
mr 170.5 61.5 178.5 69.5
mr 170.5 78 178.5 86
mr 170.5 94.5 178.5 102.5
mr 186.6 61.5 194.6 69.5
mr 186.6 78 194.6 86
mr 186.6 94.5 194.6 102.5
mgc_rve_layer "pwell"
mp 106 -3.315 -28.615 199 -28.615 199 227.4 194.6 227.4 194.6 61.5 186.6 61.5 186.6 69.5 194.6 69.5 194.6 78 186.6 78 186.6 86 194.6 86 194.6 94.5 186.6 94.5 186.6 102.5 194.6 102.5 194.6 227.4 178.5 227.4 178.5 61.5 170.5 61.5 170.5 69.5 178.5 69.5 178.5 78 170.5 78 170.5 86 178.5 86 178.5 94.5 170.5 94.5 170.5 102.5 178.5 102.5 178.5 227.4 162.4 227.4 162.4 61.5 154.4 61.5 154.4 69.5 162.4 69.5 162.4 78 154.4 78 154.4 86 162.4 86 162.4 94.5 154.4 94.5 154.4 102.5 162.4 102.5 162.4 227.4 146.3 227.4 146.3 61.5 138.3 61.5 138.3 69.5 146.3 69.5 146.3 78 138.3 78 138.3 86 146.3 86 146.3 94.5 138.3 94.5 138.3 102.5 146.3 102.5 146.3 227.4 126.6 227.4 126.6 78 118.6 78 118.6 86 126.6 86 126.6 227.4 97.76 227.4 97.76 66.455 95.504 66.455 95.504 54.743 27.704 54.743 27.704 64.053 95.504 64.053 95.504 66.455 69.66 66.455 69.66 75.817 97.76 75.817 97.76 227.4 67.99 227.4 67.99 68.92 11.81 68.92 11.81 73.59 67.99 73.59 67.99 227.4 65.07 227.4 65.07 133.741 58.22 133.741 58.22 223.125 65.07 223.125 65.07 227.4 55.291 227.4 55.291 168.304 39.331 168.304 39.331 186.304 55.291 186.304 55.291 227.4 36.41 227.4 36.41 134.256 10.61 134.256 10.61 165.266 36.41 165.266 36.41 174.352 28.43 174.352 28.43 184.682 36.41 184.682 36.41 227.4 -3.315 227.4
mgc_rve_layer "pnpcoll"
mp 44 -3.315 -28.615 199 -28.615 199 227.4 97.76 227.4 97.76 66.455 95.504 66.455 95.504 54.743 27.704 54.743 27.704 64.053 95.504 64.053 95.504 66.455 69.66 66.455 69.66 75.817 97.76 75.817 97.76 227.4 67.99 227.4 67.99 68.92 11.81 68.92 11.81 73.59 67.99 73.59 67.99 227.4 65.07 227.4 65.07 133.741 58.22 133.741 58.22 223.125 65.07 223.125 65.07 227.4 55.291 227.4 55.291 168.304 39.331 168.304 39.331 186.304 55.291 186.304 55.291 227.4 36.41 227.4 36.41 134.256 10.61 134.256 10.61 165.266 36.41 165.266 36.41 174.352 28.43 174.352 28.43 184.682 36.41 184.682 36.41 227.4 -3.315 227.4
mgc_rve_layer "psub_all"
mr -3.315 -28.615 199 227.4
mgc_rve_layer "bulk_all"
mr -3.315 -28.615 199 227.4
mgc_rve_zoom -46.668 -83.475 242.353 282.26 1
